76605.945312,38705.574219,8020.726562,81630.992188,73227.976562
108860.296875,-9914.804688,94905.757812,58405.847656,51318.125000
86523.906250,68423.554688,77795.476562,18419.224609,-7322.114258
91975.039062,20097.740234,65112.453125,106267.773438,76822.593750
15797.294922,14856.961914,34198.796875,42426.460938,51554.097656
45795.511719,101587.773438,25717.380859,86831.445312,22525.355469
78408.289062,49980.683594,71230.929688,96429.015625,18154.974609
31002.210938,91832.609375,18240.169922,12451.266602,36781.750000
79558.296875,108975.171875,-8251.393555,43897.070312,13937.697266
-5573.507324,22415.410156,44035.437500,69538.945312,15226.484375
7401.327637,95336.242188,40083.445312,51600.121094,24305.998047
101637.539062,107395.632812,12437.076172,13898.223633,80770.375000
44962.433594,102306.507812,17294.359375,2736.660645,85278.820312
45449.335938,43738.871094,63654.730469,73689.500000,66190.140625
110436.476562,39791.101562,61708.609375,112185.085938,93688.171875
85646.312500,-6845.125488,2646.882324,16225.045898,72693.820312
27873.367188,33626.375000,54573.367188,77956.812500,95226.500000
88879.359375,66137.656250,89165.429688,111316.437500,90035.882812
56479.109375,42822.171875,78885.695312,83773.468750,55558.835938
50707.812500,15766.105469,109297.703125,905.839172,99455.609375
62031.144531,-2114.384766,25790.013672,10283.055664,-3386.002930
6021.484863,105929.367188,-231.128708,18668.367188,8697.712891
82462.687500,56541.730469,52324.085938,23579.355469,21041.847656
34093.882812,-997.979614,97179.500000,9802.617188,-3138.239258
73758.679688,76281.718750,49683.933594,39187.675781,46598.496094
-8213.934570,99895.484375,72364.601562,111083.773438,110801.320312
58363.511719,59658.210938,-4769.759277,94153.523438,79941.265625
1844.238159,110175.007812,72413.937500,11613.110352,15386.677734
91111.648438,104075.804688,81928.414062,29979.035156,14198.459961
112970.257812,74072.921875,23200.480469,96693.062500,93875.539062
30062.240234,56995.050781,56700.566406,89746.171875,106182.726562
113299.054688,91532.234375,92621.507812,72206.960938,89159.312500
89966.132812,17113.769531,35360.828125,95196.375000,-2189.408447
1845.398071,107040.609375,-5471.099609,84259.335938,5197.020996
19915.576172,61914.285156,-4183.876465,111843.992188,101893.320312
20014.583984,111357.546875,62509.542969,53215.066406,94593.914062
42928.378906,93277.304688,38132.253906,109628.945312,69566.781250
30858.273438,109471.304688,47642.320312,10023.082031,68221.554688
23344.925781,109989.210938,95335.328125,68705.757812,91728.890625
103145.921875,80551.148438,85312.796875,107674.820312,51353.785156
100509.820312,14133.695312,-188.628235,106325.945312,12520.984375
111704.695312,12883.827148,10421.830078,60757.535156,76098.890625
-8440.961914,-9770.787109,55919.496094,39691.292969,109858.156250
12029.570312,80549.562500,105872.750000,69671.890625,100572.648438
60637.613281,103016.812500,97105.164062,42516.234375,58265.871094
75377.351562,32205.451172,25360.318359,47233.449219,26423.570312
86714.109375,34286.570312,50557.265625,96525.476562,27155.812500
73078.250000,94773.468750,50039.640625,93500.078125,42074.308594
12681.830078,95059.117188,42303.519531,78601.320312,21293.710938
38704.972656,100630.890625,111843.273438,31121.027344,56846.082031
98959.226562,101758.632812,46406.191406,82607.687500,30818.169922
-8784.637695,44528.343750,73023.625000,26575.683594,101761.789062
109447.195312,-166.912109,22591.664062,46547.761719,106358.562500
59747.480469,6169.312012,87675.343750,-3669.582031,109669.390625
16292.943359,19012.248047,91271.804688,68596.468750,107613.570312
-891.180664,-6155.262695,94787.757812,-2504.603271,34965.761719
38177.140625,106454.625000,23267.697266,94583.335938,75605.617188
64085.871094,95798.695312,6677.256836,23652.794922,8917.679688
-5017.648438,19643.289062,18750.767578,27574.015625,76191.046875
11652.633789,97321.492188,92360.367188,109327.968750,103651.914062
88573.054688,12164.213867,9207.459961,66388.164062,90760.679688
3364.329346,75496.976562,94605.414062,108152.085938,82992.375000
16114.479492,32872.535156,75990.296875,49382.175781,13999.170898
38139.218750,11.346118,-3658.831543,54816.480469,33664.136719
15258.847656,59798.828125,63307.425781,44009.617188,97372.843750
26041.777344,65662.250000,81237.640625,4945.437988,61533.519531
71432.851562,103518.492188,83697.734375,90640.312500,56449.953125
61001.707031,104004.640625,18490.234375,42150.425781,98700.031250
111482.609375,68264.906250,18115.863281,74016.218750,4190.380859
42115.031250,-1301.265869,14201.727539,48456.199219,63515.210938
57865.863281,73715.054688,9857.336914,7716.593750,4267.965332
-6226.520020,43758.367188,79930.218750,85011.117188,58703.808594
28007.031250,42987.265625,48765.601562,-1751.937378,20170.873047
-8241.147461,69249.773438,10718.809570,20249.087891,-2056.501221
-4037.860352,18275.000000,76208.398438,24078.003906,102291.218750
90398.781250,76193.039062,110989.953125,-8856.188477,11192.539062
61048.464844,59009.675781,94907.585938,80905.796875,76726.273438
109175.554688,84679.281250,7027.939941,75649.070312,56233.691406
75731.750000,-9800.601562,109220.960938,11040.648438,-1552.538818
15935.133789,12799.500977,77697.234375,36653.941406,43048.589844
85640.734375,42616.082031,71323.593750,48392.433594,76694.085938
60158.109375,25334.519531,39430.421875,57691.355469,26478.332031
60622.960938,5283.121094,95488.007812,42073.855469,96188.921875
58757.578125,37792.710938,67411.500000,75785.515625,-14.924058
10188.494141,38060.570312,184.474487,5952.753906,59101.218750
8631.934570,31887.888672,81900.718750,96329.171875,78541.835938
11492.608398,68513.203125,7701.214355,92816.203125,3448.936523
94395.304688,39517.605469,38783.457031,20369.025391,107208.968750
75261.781250,90991.992188,-964.613892,57293.093750,19609.140625
105224.304688,2593.976807,67401.851562,59179.101562,88379.500000
77386.921875,79367.601562,12983.369141,87571.398438,95320.351562
82084.585938,106203.335938,13751.541016,50528.605469,89075.804688
102293.375000,72021.210938,44132.304688,-3462.112549,51380.707031
57581.242188,100933.195312,100898.312500,106364.703125,7845.514648
94650.578125,68169.789062,108837.507812,103685.968750,12006.182617
14989.944336,95453.570312,24600.158203,92391.796875,41175.976562
-477.041840,56322.019531,7086.875000,22506.326172,30436.722656
112407.226562,-8865.789062,23183.357422,12702.068359,51662.812500
-1197.538208,1538.741577,10227.327148,52934.769531,8076.629395
71608.039062,-2940.689453,-4446.881836,59049.648438,113424.007812
13398.632812,40243.531250,68137.093750,8779.435547,30472.796875
90143.281250,33769.378906,12469.666992,1286.737427,12704.474609
63645.640625,10809.695312,79026.492188,80732.515625,43316.023438
-3993.483398,79683.046875,44450.230469,29189.875000,102385.117188
106113.046875,37992.332031,-9532.843750,2883.675293,100927.101562
8543.784180,84491.710938,107986.414062,14096.904297,30084.660156
107953.726562,37495.535156,80328.187500,62634.117188,56274.972656
-2655.709961,39320.695312,100044.343750,19813.957031,50607.433594
-707.874451,93459.601562,71417.125000,88318.625000,60735.414062
1276.449219,94325.140625,26961.761719,55726.679688,10058.311523
15890.176758,48383.031250,58050.648438,16357.333008,61266.707031
45521.050781,34901.117188,32301.716797,40050.761719,58998.023438
72386.375000,34547.785156,106493.554688,39257.871094,107181.906250
49311.828125,46602.164062,33045.894531,35899.480469,76416.117188
93653.328125,45191.605469,56419.019531,51613.753906,20053.527344
3697.737061,62890.203125,921.964600,40659.500000,5160.186523
20980.275391,66549.671875,63543.218750,89030.921875,92907.015625
11353.219727,21095.271484,14351.428711,53654.933594,71146.039062
83349.453125,12584.614258,-7762.883789,76386.304688,61842.484375
109419.015625,12241.434570,-5012.052734,29008.212891,58140.914062
81404.070312,9204.841797,113332.515625,24366.386719,70818.601562
19929.343750,38064.125000,20252.103516,30851.308594,88723.625000
35412.289062,61831.582031,41816.601562,108955.507812,37405.804688
21266.910156,6852.023438,68501.078125,45618.335938,70506.953125
26190.408203,15511.087891,93091.570312,28427.523438,101897.398438
41477.355469,24389.841797,682.127869,46465.304688,63398.054688
68823.039062,14412.670898,82602.890625,68698.851562,48779.054688
39964.792969,98628.203125,96843.171875,70216.898438,16022.807617
72110.101562,-7827.514160,87854.390625,470.002594,111127.992188
11803.497070,31736.912109,4523.313965,90304.570312,87355.250000
85030.273438,3038.281982,112866.343750,64665.144531,41465.804688
101307.031250,-7314.198730,75855.648438,111989.164062,49151.105469
25797.003906,67355.500000,73563.773438,-5056.800293,22597.656250
8886.131836,44907.996094,7769.158203,-7727.390137,1668.190308
33791.968750,74382.710938,3840.676025,8189.659668,84852.718750
1511.966431,29993.156250,3132.928223,16035.280273,6841.027832
100488.179688,111065.554688,19879.310547,99897.812500,62274.000000
71345.117188,87748.156250,64959.800781,33744.066406,86280.609375
654.205688,69541.070312,40179.410156,84217.976562,74484.265625
72777.070312,103104.109375,5935.562500,90546.226562,105376.718750
17603.751953,10881.495117,66302.734375,31444.429688,29071.154297
37698.746094,42956.394531,69064.312500,50831.675781,68991.671875
85905.343750,37863.156250,66600.531250,-7672.050781,24304.277344
15417.830078,73673.062500,-1404.273315,90377.632812,-6039.567871
94876.335938,101031.835938,73501.500000,21599.048828,71793.109375
34529.070312,104376.117188,61440.531250,50464.632812,81465.648438
53360.550781,78068.390625,102347.140625,6206.583008,-3943.884521
17961.593750,53905.332031,49012.511719,97025.906250,-8719.690430
4547.488281,69474.546875,39143.468750,81148.015625,71802.492188
73447.742188,106565.851562,32018.859375,82043.468750,83486.781250
35979.292969,63463.105469,71061.914062,-3975.906494,95062.156250
29398.328125,40553.164062,85981.570312,100838.851562,101017.804688
53990.515625,40742.707031,65629.484375,42880.960938,56949.292969
71685.593750,70842.554688,-2602.077393,7241.411133,54411.757812
-1321.767822,21788.900391,10429.602539,47821.699219,112936.921875
92232.093750,7812.739258,106046.070312,10794.253906,99856.210938
76076.148438,56773.546875,49862.613281,33681.355469,62797.636719
31468.068359,73079.687500,113350.804688,3992.937988,60461.843750
100911.906250,67983.453125,111204.554688,53084.687500,-2592.287354
54697.144531,11313.587891,78250.265625,62095.070312,28554.998047
19205.324219,70773.296875,60343.902344,39634.925781,5138.297363
59824.113281,18410.320312,22951.039062,52413.480469,39204.574219
9350.545898,15032.925781,105978.117188,69213.164062,58714.281250
55319.062500,110681.226562,18337.273438,55213.167969,1217.464600
88799.125000,42668.371094,79200.921875,86546.976562,105753.054688
86608.632812,27787.417969,3609.944580,51402.199219,99882.484375
42164.941406,80607.523438,57199.082031,112508.835938,6785.746582
72337.382812,58876.257812,35196.066406,105288.421875,-2166.962891
84400.640625,1182.265625,22865.962891,76922.062500,80395.429688
91580.242188,18784.423828,77619.945312,-3539.180420,83997.585938
88837.414062,95259.937500,13209.256836,54581.636719,68350.210938
5505.612793,27733.568359,106137.632812,19115.558594,89135.773438
92563.421875,71280.500000,56286.585938,36305.804688,70332.648438
73072.335938,-4813.516113,15752.199219,-5188.295410,110474.906250
23585.236328,89212.343750,-1799.530884,56451.199219,52677.710938
88595.890625,34574.746094,81462.132812,52759.140625,41035.562500
52003.023438,28139.861328,22838.804688,75212.273438,92721.492188
101189.023438,90717.890625,6998.367676,93869.953125,-3623.250000
106134.132812,72976.671875,77657.250000,48964.023438,-4174.231445
34533.195312,8579.661133,1012.252686,60285.394531,13391.366211
-1969.543823,93870.625000,112603.710938,6230.925293,36865.128906
51824.726562,104826.820312,81439.875000,19830.154297,44129.265625
9018.737305,81833.179688,82269.125000,41857.542969,43588.757812
61533.925781,29589.857422,20849.947266,78532.289062,10003.109375
27226.697266,71209.726562,92979.773438,-8572.750977,6717.048828
98805.546875,35960.445312,25296.710938,109817.796875,106245.835938
48688.078125,-5608.447266,86659.765625,47835.089844,10622.478516
10068.196289,109659.812500,1992.596680,101508.070312,16033.267578
56121.855469,-2929.893066,107866.445312,24934.287109,48927.652344
37998.500000,96468.210938,88517.507812,68848.445312,61543.800781
108520.617188,106075.148438,19296.822266,88043.695312,107502.390625
36013.871094,73392.539062,30006.136719,71310.578125,69753.632812
22795.275391,6541.958496,74145.195312,-4001.656006,64377.050781
94767.671875,16066.540039,60580.164062,106760.265625,4117.908203
86613.429688,49425.421875,11188.015625,81023.171875,84359.703125
70115.664062,5564.974609,67371.218750,45176.472656,84413.421875
15458.313477,40240.390625,77031.867188,44755.136719,14827.387695
71077.562500,90769.007812,98219.921875,111083.703125,48622.886719
54516.859375,20422.277344,65164.847656,15205.350586,26420.623047
16085.196289,-3483.682373,52487.160156,86665.359375,113276.585938
66605.070312,59822.089844,49245.304688,87793.085938,27388.560547
20148.314453,44452.046875,42953.535156,97519.531250,99628.523438
13910.256836,-478.855743,26412.214844,100942.125000,54276.277344
51239.601562,58562.988281,31588.587891,36002.828125,56189.988281
90211.476562,100519.687500,86612.265625,41919.625000,2268.340576
-423.812531,68004.820312,8784.658203,62063.347656,41213.476562
8604.539062,15211.715820,111035.562500,67849.843750,113004.804688
24967.421875,97998.156250,44000.148438,77920.960938,82060.992188
30171.974609,101831.210938,91582.132812,66584.195312,89316.640625
32401.712891,4367.094238,34422.925781,73990.296875,50369.925781
100612.914062,50745.078125,37432.914062,73768.484375,102664.703125
49701.253906,83344.671875,57212.820312,68485.914062,31951.318359
108426.296875,87090.453125,57163.031250,106005.164062,41483.597656
56711.132812,17515.882812,26025.054688,110711.289062,105436.843750
-5370.656738,27426.560547,93811.351562,96211.476562,104010.757812
69671.289062,15156.488281,-5078.854492,-9362.477539,99146.789062
55291.062500,101250.445312,36435.167969,102723.976562,61562.226562
25643.167969,38968.535156,31450.195312,92855.992188,-6002.252930
73401.507812,87825.585938,91088.195312,17107.847656,80374.046875
19115.095703,83818.984375,107889.929688,55140.148438,81073.570312
99870.070312,59769.496094,-4956.569336,80224.718750,42524.269531
109054.179688,36439.316406,67680.757812,-9481.373047,37076.839844
53370.847656,55809.699219,24870.582031,99806.015625,45076.976562
96432.804688,11992.484375,94045.515625,14426.296875,-8608.223633
98043.257812,97827.804688,89217.359375,75674.757812,1478.954834
56134.710938,104789.851562,95297.937500,50567.949219,46473.304688
62914.808594,36981.316406,-7213.902832,67958.242188,3749.341064
45310.367188,63555.718750,50188.660156,-465.576233,64074.347656
97265.500000,62905.273438,6427.342773,8679.382812,49254.585938
61504.320312,-8344.512695,71247.070312,42093.128906,16081.785156
72638.851562,26679.685547,452.893890,48399.515625,112354.445312
11931.849609,-8922.472656,103687.601562,-6226.913086,51645.472656
36704.199219,66687.890625,98626.789062,39490.300781,21189.431641
112376.132812,94800.664062,94745.156250,49108.089844,104335.093750
45362.800781,32916.890625,53783.656250,61790.144531,51596.277344
113038.250000,9837.759766,53251.761719,70828.617188,61930.882812
79333.554688,30010.765625,98610.578125,89786.437500,88410.281250
97508.320312,111718.289062,89487.804688,87739.218750,-7965.321289
27676.580078,10986.719727,68722.570312,12846.669922,60477.019531
99912.000000,11766.100586,41820.984375,81200.453125,70874.195312
32699.371094,13106.556641,-9665.614258,96483.031250,84896.695312
51930.660156,96064.578125,104734.453125,-8274.274414,53436.492188
53208.640625,81059.273438,93447.257812,38362.519531,57389.015625
68400.835938,22414.136719,55650.605469,44431.945312,-3303.344971
57685.285156,82108.531250,17683.373047,12951.158203,104955.195312
88160.390625,-593.535706,3264.597412,16524.673828,90606.921875
84138.796875,59224.046875,-9743.222656,84473.171875,42250.375000
85153.476562,22947.138672,24858.253906,76431.234375,24672.865234
88294.750000,16183.175781,-7724.562012,68285.312500,64545.695312
59664.453125,23229.451172,96959.828125,1858.362061,77661.398438
103656.492188,69543.648438,46313.222656,7883.163086,92494.804688
37811.718750,106043.546875,101901.273438,51076.316406,9111.527344
79051.492188,21758.406250,78335.570312,79308.265625,-7225.116211
7129.247559,51005.042969,25722.023438,41987.500000,13979.577148
60394.886719,16825.548828,40162.750000,62670.328125,95110.859375
-8748.252930,8878.080078,4883.610352,98211.578125,20736.441406
92545.007812,88411.367188,100280.085938,25401.531250,106294.531250
79318.195312,73213.250000,98881.390625,67762.765625,10832.866211
-5463.787598,33357.562500,42591.273438,82871.781250,-790.871094
45366.156250,100001.031250,60214.175781,81088.179688,28531.832031
84193.750000,28026.363281,55357.378906,10899.801758,100696.687500
37011.539062,12151.549805,-3881.931641,51895.156250,-3093.570312
26854.507812,30983.457031,95317.796875,13677.898438,66384.992188
88155.625000,102996.093750,26141.537109,73580.320312,57302.160156
46974.402344,78116.531250,100659.726562,99565.671875,47531.613281
109868.851562,31475.128906,34075.941406,56626.324219,-893.390991
72607.773438,27363.373047,37132.976562,14508.455078,48263.175781
24372.960938,61519.996094,70414.726562,30491.031250,-41.551125
77321.156250,67345.539062,40941.906250,59182.250000,91023.437500
-6129.804688,33881.183594,80562.835938,30011.730469,-5995.201660
24408.294922,86986.132812,82121.328125,11611.316406,73095.109375
16196.237305,8023.467285,-8886.461914,60272.183594,74649.789062
220.147110,19423.255859,112013.164062,47353.121094,43931.710938
46819.640625,81726.085938,-8004.991211,3777.660645,-1239.584351
1953.457153,91098.812500,76105.953125,52895.363281,36824.367188
53672.695312,56765.558594,80705.546875,20778.828125,96777.296875
84710.351562,55187.125000,70306.718750,53374.976562,76798.445312
29945.130859,79571.210938,94821.906250,31058.669922,26386.691406
56014.996094,41278.816406,55809.949219,54571.460938,98631.937500
109741.656250,111391.101562,66901.328125,111736.664062,1712.057617
75661.742188,233.423843,102810.867188,38310.996094,63128.789062
26178.539062,101983.687500,6437.648438,-6572.612793,9305.820312
113214.937500,88137.734375,74492.945312,70064.960938,28056.007812
37834.683594,110010.093750,-5829.481445,19199.888672,27612.066406
30557.207031,85214.882812,78890.890625,96367.156250,26329.644531
64066.128906,92652.109375,24264.042969,17510.748047,90932.078125
35976.101562,103172.492188,101165.500000,25330.269531,28026.787109
50837.593750,61508.808594,16553.775391,67275.242188,64936.199219
35859.597656,67033.476562,39617.230469,-3104.159668,23641.746094
77673.242188,44730.523438,20195.144531,81843.757812,73930.414062
57807.210938,-1055.732666,45688.601562,23241.398438,105311.421875
82018.242188,97307.523438,84506.843750,-7174.412598,1361.573364
61982.218750,38801.687500,-8922.637695,49691.019531,74131.960938
29104.146484,110528.609375,22184.068359,55657.925781,64347.160156
97120.265625,101517.523438,17923.937500,23280.794922,108413.367188
51565.683594,110954.039062,39687.187500,81760.828125,79341.093750
160.899399,26111.341797,88285.359375,55849.500000,59352.742188
80140.085938,24411.046875,43203.562500,51190.222656,27236.630859
54565.140625,-284.260498,76038.320312,55642.496094,59406.761719
36713.574219,94746.648438,56478.675781,68897.648438,36947.871094
7369.130371,52561.210938,25008.693359,35293.070312,85842.007812
19965.353516,96858.750000,83339.343750,69652.539062,65162.882812
49223.734375,79813.445312,101274.226562,24052.396484,22206.238281
47170.261719,-9264.219727,56617.281250,100373.828125,51926.000000
93853.914062,41482.265625,61641.742188,56435.531250,107124.765625
7591.803223,103149.117188,88414.710938,74070.476562,58590.054688
11905.878906,91439.617188,-2305.436523,46914.570312,13275.979492
93536.570312,76879.921875,-3321.968506,63419.203125,33075.765625
71840.914062,-813.759094,-567.495483,59658.433594,33238.632812
31638.744141,-6628.002930,33974.417969,98256.023438,103745.820312
95900.421875,78653.242188,31771.386719,44085.460938,21632.078125
25439.445312,61677.261719,11324.488281,397.455170,22291.042969
79914.539062,22303.335938,273.954987,87609.109375,79217.906250
23549.931641,67688.976562,42641.132812,30227.966797,17651.482422
85716.898438,112068.875000,26837.722656,95149.406250,58270.609375
70076.359375,13331.445312,61642.613281,-9405.924805,-1869.228760
51931.734375,96494.500000,86784.015625,93703.117188,27123.253906
-5040.609863,5685.867188,98800.523438,16283.877930,16083.321289
7634.865723,106198.421875,48386.656250,17908.820312,80350.828125
14147.862305,51458.753906,34583.101562,66788.992188,91686.726562
62234.582031,39049.187500,90298.898438,99072.304688,20741.892578
35112.808594,55691.968750,44073.335938,106755.421875,56286.042969
52204.105469,45230.453125,39323.835938,25531.421875,25476.873047
76447.093750,30490.810547,41162.738281,61790.910156,56774.687500
67246.062500,79425.773438,49516.410156,2176.016846,107334.601562
16410.537109,26323.878906,45336.652344,60993.640625,103112.875000
23566.673828,9771.525391,28705.363281,408.871094,-4612.867676
59447.257812,45521.683594,61079.097656,-9936.108398,38820.402344
3908.440186,52268.000000,94050.851562,53232.277344,87799.421875
6071.028809,16222.666992,4833.530273,57233.769531,88013.578125
71608.218750,11023.127930,53982.656250,7667.929688,23199.144531
47860.554688,34078.468750,59523.027344,103197.210938,105072.109375
49179.199219,13307.183594,1386.932983,87884.562500,23716.056641
6774.066895,33875.117188,79237.734375,77853.164062,33939.007812
4601.438477,91761.601562,96207.007812,108652.296875,31537.181641
70549.726562,1266.621826,57759.851562,85383.257812,68500.382812
32316.728516,43534.773438,89523.515625,96299.382812,61202.707031
-734.036987,30703.242188,105281.171875,68788.992188,20443.751953
96896.578125,4511.487305,43750.937500,108283.515625,102396.046875
77466.992188,1600.879395,22814.466797,43248.027344,89454.046875
66753.476562,57849.468750,67758.945312,49503.781250,53045.058594
109296.132812,6596.809082,64311.683594,53599.273438,101980.062500
19355.371094,95916.000000,32058.140625,-4577.811035,78758.679688
103260.843750,4688.152344,-3994.771484,95085.320312,83477.140625
26448.982422,78525.195312,97988.632812,80199.914062,73352.015625
86927.976562,44210.210938,84952.890625,-3714.256104,97458.234375
60950.234375,73039.218750,41851.007812,15252.486328,9086.299805
104896.070312,11091.914062,25683.107422,55751.050781,74691.195312
14206.475586,85106.421875,57150.492188,56264.613281,90528.609375
22452.478516,46068.761719,105216.757812,28457.705078,27697.378906
75237.203125,64906.691406,-7234.121582,59769.128906,31649.906250
76117.890625,33240.406250,85860.117188,47614.082031,39526.156250
69861.656250,-4892.378906,-891.327881,-1744.037964,20360.107422
18194.974609,113152.031250,41452.019531,53878.082031,55446.375000
2686.510986,78084.554688,27096.097656,69837.000000,20892.472656
4168.009277,102289.484375,76961.234375,-4071.928711,17290.488281
-8798.085938,81165.273438,92197.179688,-6032.207520,27477.707031
10390.384766,80085.679688,70718.117188,106250.500000,14243.067383
-3212.430420,62655.457031,19350.689453,5896.241699,70911.421875
49710.796875,34091.214844,70606.750000,101162.820312,97969.296875
12596.426758,-9607.372070,62597.152344,49692.527344,70229.632812
93489.632812,63860.535156,59062.417969,56994.167969,69788.601562
86352.906250,58196.074219,37497.179688,65093.378906,62163.871094
74974.890625,85483.765625,28792.853516,32236.302734,78277.562500
53035.921875,39023.871094,27476.322266,82386.609375,54920.117188
108387.742188,18640.705078,99011.335938,65537.789062,6346.821289
83523.929688,88134.218750,6739.450195,32664.384766,24370.041016
86969.085938,12697.314453,98230.570312,32574.794922,79691.484375
54562.484375,5470.998047,24430.855469,102059.656250,80564.382812
96594.726562,63577.847656,52591.437500,11930.876953,105814.148438
17412.306641,74966.796875,31381.322266,54888.628906,43896.707031
96301.437500,49819.671875,72537.414062,81856.070312,1900.762329
88884.234375,51923.292969,100034.976562,105623.687500,94587.687500
10948.318359,79136.062500,-6171.702637,-4277.806152,-1745.839844
83519.773438,60284.671875,13725.157227,-5506.069824,48887.632812
104289.531250,101088.656250,-991.222595,43424.277344,-437.168396
-8633.774414,70836.585938,84529.632812,32747.548828,12268.512695
14969.636719,15592.284180,72088.187500,97507.046875,107448.351562
83988.953125,72934.585938,45914.953125,70567.226562,65101.570312
27045.933594,91515.546875,30780.931641,30874.230469,97237.734375
39035.089844,937.306335,44065.710938,62760.250000,5431.236816
102953.343750,53593.082031,-6936.809082,111962.117188,107017.359375
2626.022461,113328.343750,64397.242188,97155.648438,32619.195312
86665.757812,-1331.411255,58211.476562,45297.242188,106175.640625
52203.132812,15829.488281,65653.523438,108118.085938,96396.718750
17298.386719,21707.314453,74455.554688,58079.316406,62581.546875
58236.597656,107114.406250,73518.851562,112302.304688,56417.960938
88950.085938,101798.953125,-3445.657715,92013.273438,100304.367188
-9884.998047,104639.304688,100176.023438,64512.242188,88338.257812
19338.513672,37721.300781,97006.835938,87549.992188,93018.539062
89725.773438,26296.423828,-4608.668945,41922.597656,20957.806641
101788.046875,69220.984375,52665.121094,62786.902344,13843.602539
1789.966797,7566.800781,7501.314453,85308.820312,6412.410156
73919.273438,60802.207031,-5245.337402,80473.617188,39358.785156
105059.039062,80588.617188,30541.386719,91778.359375,31644.164062
5422.937988,-2339.827637,79365.468750,112429.781250,95210.164062
58927.304688,88698.851562,8049.892090,64318.636719,17164.755859
39007.703125,52649.984375,96385.742188,101672.820312,1980.186401
-3227.355469,-9993.911133,19546.988281,14273.958984,85314.906250
35959.398438,98193.234375,32660.412109,40714.058594,65210.144531
82019.195312,32316.396484,32342.064453,-896.118286,10638.054688
73986.226562,14526.818359,18298.226562,39894.988281,13499.897461
51.693283,108822.296875,112198.757812,18101.585938,59684.238281
15906.812500,67109.289062,-1122.480591,-1164.146729,55325.406250
10857.707031,5608.497070,55331.500000,40404.695312,29882.457031
27189.703125,86364.093750,14618.989258,69850.117188,13621.454102
89829.132812,38412.613281,55937.847656,8714.500000,47516.492188
76575.906250,92700.726562,72043.312500,104874.132812,19139.019531
95543.210938,-8530.874023,14504.618164,94285.273438,19570.710938
84188.851562,-3264.618408,96680.000000,93066.367188,5571.234863
38548.703125,-9532.620117,21179.734375,103880.195312,40872.074219
61062.187500,17613.203125,13779.466797,85681.179688,97463.320312
37400.917969,62053.609375,22419.232422,103338.773438,80768.109375
79935.726562,66457.976562,60012.136719,38522.343750,57875.410156
89151.156250,20608.857422,59344.539062,-9800.924805,1437.427612
88915.250000,84387.929688,8172.810059,72138.539062,63997.605469
23744.044922,-2769.452637,64464.984375,54923.773438,111110.742188
-8119.643066,2529.265137,15267.250977,15659.825195,98210.437500
-726.128357,63060.746094,46807.355469,31693.105469,52942.820312
14118.766602,-1827.865112,5944.096680,84130.906250,46694.480469
73819.507812,59825.363281,77303.335938,19707.343750,60024.433594
88740.757812,-4834.109863,30955.667969,106913.570312,77304.437500
104953.273438,17200.916016,84534.976562,55961.550781,82124.695312
82189.031250,57841.906250,94653.960938,107456.281250,83501.734375
79407.703125,-6726.549805,33105.777344,12758.355469,34966.558594
96048.593750,36877.121094,43138.691406,111992.695312,7551.327148
99833.171875,72355.500000,77376.687500,63679.808594,102062.843750
23944.429688,38963.871094,107228.734375,64900.097656,32420.742188
71076.468750,56396.664062,59621.656250,42154.746094,-1098.483276
28289.650391,10887.077148,66743.429688,9486.911133,4886.654785
36788.460938,98894.609375,8160.105469,79894.242188,-1803.732666
53126.660156,62486.132812,45073.390625,106265.351562,61022.128906
62624.718750,92641.820312,19920.925781,26544.707031,42864.925781
8527.069336,60489.136719,91828.796875,2299.103271,11932.534180
10792.836914,83375.570312,78329.195312,80414.492188,12073.618164
87230.718750,-4752.553223,32960.691406,40517.441406,14734.356445
47847.351562,87305.898438,172.269348,66007.453125,53743.433594
8368.536133,5677.417480,2772.872314,63441.925781,-1513.931030
73795.000000,12609.944336,101127.890625,103715.921875,49154.652344
30536.115234,-1213.705078,-3812.910400,8908.208984,11085.398438
18119.625000,29701.046875,104460.968750,106448.828125,-3341.158447
3077.886963,80222.835938,1906.288574,46038.582031,7283.581055
26640.644531,103885.929688,104589.484375,36812.917969,56436.687500
44876.218750,55181.449219,72114.101562,57649.097656,5166.677734
80600.171875,17987.392578,27776.619141,68271.367188,8246.617188
86931.273438,108807.476562,17032.912109,93118.359375,4258.986328
38118.312500,-2218.714111,43960.031250,29122.580078,-9226.590820
50618.871094,42200.464844,80996.250000,62525.164062,98239.046875
98279.828125,99165.804688,88668.281250,89412.617188,22522.021484
31648.265625,20832.134766,87703.468750,-9694.332031,88481.226562
102870.148438,80905.843750,-6988.081543,17190.074219,35720.500000
11258.535156,-9335.353516,31071.275391,38291.449219,93783.007812
45330.261719,86409.757812,101564.296875,99290.296875,2075.638428
102337.703125,36452.472656,54276.101562,69877.250000,108977.632812
39058.453125,54700.382812,94686.742188,14270.031250,30656.298828
3752.063721,55918.296875,61488.433594,101455.539062,56223.964844
36512.957031,90868.992188,23673.103516,39524.878906,-5397.634766
69393.601562,60783.414062,-4732.988281,110464.882812,109074.859375
99050.015625,42338.445312,82027.914062,87157.609375,28172.037109
94103.554688,76038.617188,74624.507812,34922.960938,32459.171875
70145.445312,83981.414062,97159.554688,51375.480469,108251.445312
14359.155273,65127.546875,50713.039062,85847.585938,53126.378906
-6519.695801,8903.845703,30538.675781,27153.410156,58428.722656
35141.039062,106547.007812,5755.433105,40408.054688,103555.187500
1373.593628,26001.371094,32436.937500,93401.507812,-297.712952
70608.976562,74048.367188,85740.906250,31776.787109,-4485.371094
4743.380371,111922.226562,89496.039062,111902.937500,49841.007812
84290.789062,12805.391602,1511.852417,21547.126953,108652.984375
64638.234375,25027.431641,4100.124023,105176.906250,62180.839844
72528.843750,26861.248047,55271.152344,88284.281250,77269.296875
45369.644531,99657.875000,113270.671875,87806.578125,79602.687500
-483.740936,44958.859375,40194.351562,95257.164062,86735.648438
45708.980469,110000.546875,85201.171875,21748.324219,108446.789062
21585.478516,-7417.590820,7795.474121,33097.332031,24129.535156
2991.753662,107735.570312,59156.968750,17091.876953,99455.781250
7881.104492,99620.718750,12860.327148,73152.250000,74448.304688
100129.625000,5065.199219,60649.472656,99943.601562,102871.781250
26795.462891,109459.859375,34373.941406,76989.820312,91260.320312
7652.885254,9242.096680,87804.164062,102854.054688,40990.417969
82794.250000,10982.837891,43572.828125,100589.726562,54080.171875
77702.367188,-9875.217773,48359.039062,23402.628906,17216.660156
34358.117188,41283.734375,3380.683838,57218.441406,979.288940
87828.984375,43891.371094,16044.488281,35021.761719,30378.269531
5459.569824,71817.226562,26381.431641,49833.507812,35350.339844
4185.054199,67486.390625,54592.433594,101989.226562,56883.750000
105582.859375,71326.773438,77866.593750,35698.984375,58459.808594
18490.060547,-55.351246,58584.585938,76849.101562,33347.277344
85801.250000,-2249.484863,84631.007812,99181.929688,64968.960938
95610.304688,73554.218750,-4596.371094,-1801.909546,-4880.718750
35781.902344,13657.660156,76936.507812,72163.328125,73491.164062
-1169.854248,86348.382812,27520.869141,63422.582031,74880.906250
94404.617188,55548.738281,32750.984375,58814.511719,101247.718750
101210.789062,87304.578125,111192.375000,46338.675781,50696.972656
31082.949219,18683.226562,58447.488281,2257.261230,4408.457520
9959.747070,107867.562500,87962.679688,15363.376953,-7391.045898
93081.953125,61145.273438,16266.614258,56561.761719,19851.904297
99757.781250,65391.910156,-7256.412598,13821.952148,15357.791992
77624.500000,-5230.126465,80906.531250,-3081.220703,63584.390625
68697.554688,108129.570312,37432.261719,66433.218750,41011.550781
98129.234375,107516.164062,69694.773438,43120.023438,-3683.270020
84103.226562,63079.773438,-9272.406250,58609.207031,88443.140625
-6663.452148,38234.464844,36131.718750,19603.162109,104796.226562
65983.632812,5904.248047,56731.433594,68727.210938,29726.201172
82089.226562,32895.007812,34496.074219,49539.058594,39813.789062
108080.460938,4779.906250,34486.660156,32056.021484,81213.125000
85498.203125,16728.556641,75272.593750,41736.277344,69848.578125
81589.328125,12382.809570,19471.650391,82316.914062,80992.015625
-5541.904297,85653.460938,5769.780762,40589.816406,-8200.070312
-2890.692871,-6883.255859,7704.176270,63840.742188,71843.960938
47430.375000,32473.271484,-8717.733398,91926.453125,92012.328125
41096.054688,86550.210938,106792.234375,85582.710938,5149.532227
74548.664062,57624.214844,31878.085938,36364.554688,109360.492188
111726.664062,4497.181152,8286.608398,17741.617188,96814.101562
99278.625000,22199.710938,69010.867188,-8408.293945,72789.531250
70810.789062,-1298.986572,75906.273438,88514.968750,72541.757812
34293.531250,22488.650391,-8441.671875,35575.796875,958.401611
93570.656250,86671.851562,97508.609375,86906.187500,58797.867188
112658.148438,47998.152344,2965.384277,31079.531250,94362.710938
-1130.817871,29349.500000,108859.890625,17155.791016,57091.117188
92217.289062,2977.717285,89290.828125,47771.453125,4569.423340
48623.656250,5125.551758,13270.436523,11073.232422,103640.523438
95812.195312,55366.761719,12672.475586,97370.523438,100942.562500
23630.876953,77484.476562,74157.718750,7682.788574,50933.972656
19498.880859,6884.232422,108932.125000,32464.263672,47963.765625
89838.132812,41333.449219,87313.257812,85241.320312,68489.234375
30947.679688,64001.910156,81466.953125,6781.808105,-1683.336914
96036.382812,65405.464844,13442.215820,-4149.885254,86478.703125
3626.039551,101662.312500,28388.763672,26298.513672,85576.132812
15874.625977,59929.390625,49603.906250,100032.335938,77612.179688
110537.875000,6074.520020,94496.406250,106013.296875,48538.785156
29003.478516,82394.734375,99872.226562,2860.040527,54179.351562
54904.765625,43807.718750,4724.558594,22915.025391,60589.531250
13041.221680,5494.705566,12538.294922,36483.437500,11344.819336
109016.992188,50109.476562,-449.572205,23949.054688,86407.992188
95126.554688,49823.679688,32880.679688,31273.765625,36399.324219
-2963.840088,28354.943359,52473.839844,101532.570312,20911.542969
111012.632812,17079.349609,113306.273438,97428.164062,29939.386719
54028.925781,38876.234375,83747.109375,68753.484375,71791.257812
30879.937500,91794.703125,87285.960938,53418.234375,14821.442383
108630.781250,48978.523438,74930.921875,-5275.489258,82927.585938
47882.207031,99851.070312,19294.562500,90762.890625,17668.132812
65693.882812,97799.046875,56023.074219,4711.028320,85874.921875
86934.617188,2266.957275,112954.273438,86784.187500,109695.117188
29436.957031,27356.412109,35114.648438,-272.631165,106109.898438
-6550.791016,40607.304688,84447.898438,90735.179688,104025.539062
109269.335938,85909.257812,39547.367188,70743.554688,90633.765625
9018.248047,5169.066406,77028.132812,38312.812500,105931.960938
104696.265625,-9450.002930,90274.304688,47262.636719,5261.024902
62692.527344,20740.554688,17527.982422,62190.097656,-5931.958496
13766.400391,101627.054688,31424.455078,58881.050781,111354.421875
24077.646484,62330.257812,38505.031250,-4931.155273,39608.734375
29073.869141,-9118.515625,12061.287109,78621.242188,71625.039062
112695.054688,97639.484375,86794.109375,76266.492188,22495.597656
79269.359375,67506.046875,23045.593750,56086.968750,1311.990234
38306.617188,5322.799316,32052.542969,65834.601562,77512.898438
36120.585938,89601.000000,65683.250000,77545.039062,35025.351562
63580.984375,111622.687500,107355.609375,112086.015625,-6765.169922
33507.644531,27703.185547,-5883.686035,55568.933594,-7132.279785
75741.359375,54807.281250,100507.203125,49078.761719,17617.070312
9546.100586,14891.429688,95123.117188,42591.691406,80978.406250
106435.109375,90898.304688,96301.203125,25030.957031,43276.210938
60357.394531,71151.539062,19420.513672,12583.953125,35239.882812
64445.867188,86164.929688,33405.867188,58344.777344,84794.242188
36640.695312,101852.421875,-959.270691,40757.007812,43964.652344
1908.449219,3041.666016,108771.929688,112415.656250,62120.425781
12932.305664,8505.054688,87011.859375,-5401.272461,61096.750000
54533.562500,111033.835938,38538.359375,37378.062500,22608.095703
91814.570312,107735.460938,103759.632812,-2221.616211,6862.715820
25542.816406,72224.242188,103027.648438,68948.687500,17112.326172
74365.195312,-7867.321289,5508.046387,83405.921875,42889.687500
59472.695312,95314.367188,55931.355469,54787.933594,94273.328125
4595.084473,77720.242188,112778.382812,101606.945312,82318.960938
60418.429688,42683.808594,79896.101562,108956.789062,90061.875000
112504.203125,87314.656250,84340.632812,102807.140625,95093.046875
101203.351562,14893.256836,53860.589844,90774.304688,93841.937500
80972.921875,51682.792969,95974.617188,96480.960938,21632.015625
25407.605469,42496.960938,3489.689453,91338.960938,107284.890625
107763.015625,105934.046875,71548.429688,107084.695312,94084.289062
40410.695312,54046.425781,23311.400391,6850.099121,49546.515625
-83.430717,5897.601074,23404.474609,94257.203125,-4751.960938
5040.820312,82003.851562,20141.294922,68901.414062,59321.453125
526.533142,36417.632812,-2452.454590,106501.148438,19441.896484
29179.560547,18452.058594,71938.859375,42669.253906,-3665.681396
65767.054688,36975.566406,112268.359375,23858.783203,30603.566406
92895.953125,74269.476562,94649.992188,2750.653076,91119.578125
30739.806641,12667.223633,107017.179688,64144.281250,-6532.274414
112265.218750,79185.109375,85471.578125,18949.812500,34629.816406
31336.332031,29476.347656,81047.445312,38883.875000,22520.796875
110489.343750,78063.437500,50972.855469,68971.507812,7275.988770
57307.171875,21281.859375,54251.558594,56118.839844,55140.640625
94855.117188,35558.093750,15953.421875,76048.421875,48308.746094
-6383.698730,-6668.477051,70975.968750,110633.476562,67475.804688
74443.695312,109442.000000,33204.210938,46458.574219,14935.112305
77834.031250,87794.906250,54411.460938,45424.777344,13222.081055
86932.257812,42457.425781,101285.523438,24448.412109,-2027.770508
-4895.191406,91755.585938,29254.089844,59356.363281,34417.722656
94394.726562,40754.785156,79975.820312,-3108.546387,3346.502197
14827.864258,507.754944,6678.025879,95803.835938,-2315.463867
84153.835938,56790.828125,-6330.165039,3901.343750,113249.398438
18604.947266,91735.367188,87587.601562,83016.406250,23703.451172
110809.679688,56491.964844,76160.875000,98638.500000,90940.375000
84133.101562,103743.312500,69239.265625,-69.506416,49642.976562
-9799.711914,104325.226562,100397.765625,80176.101562,111216.679688
-9712.432617,105003.976562,-1732.265991,6965.592285,87351.109375
5952.270020,101119.421875,30685.228516,9622.105469,-8435.930664
30477.929688,38227.050781,93299.437500,4608.832031,7786.758301
3546.192383,1961.816528,74278.718750,89707.070312,110600.320312
51762.398438,60383.476562,100886.937500,7544.958496,70313.960938
37073.210938,7745.246582,61182.492188,24014.275391,97921.359375
58942.472656,24301.843750,89468.625000,67210.203125,41267.437500
63363.027344,83162.468750,28930.160156,104048.250000,102784.578125
30494.228516,21069.484375,27554.931641,10336.972656,35678.316406
45341.687500,23883.166016,47640.132812,6163.708008,133.533707
44783.750000,67926.109375,70517.007812,32213.988281,85471.070312
27374.269531,79287.203125,103216.312500,98556.765625,113301.468750
87680.960938,44042.527344,24146.615234,63692.882812,-2203.967529
75414.046875,13599.214844,90958.507812,-9112.487305,4190.770020
80286.382812,31381.746094,35260.253906,-5615.385742,51718.718750
80938.570312,49726.300781,85601.882812,15122.003906,65890.015625
95735.414062,69905.757812,20359.417969,52795.722656,112119.750000
-7626.218750,90169.992188,77950.242188,105590.093750,75270.046875
77795.007812,79814.351562,5855.881836,111941.632812,30050.542969
13651.915039,73898.984375,53649.757812,-8846.279297,74786.492188
67840.523438,81440.101562,-7288.462891,113100.789062,85824.718750
54430.257812,80582.656250,22094.322266,26575.435547,105704.656250
97984.328125,8854.153320,62153.718750,4887.050293,71649.867188
60816.757812,7260.832031,48363.167969,25310.298828,-605.776733
10176.516602,113105.312500,89208.578125,26032.398438,111590.242188
5802.423340,49684.312500,72032.523438,69452.179688,50838.035156
33362.316406,23836.011719,18821.437500,36073.851562,23480.095703
-8810.542969,100504.101562,-9393.949219,23283.779297,13622.844727
106310.710938,7811.411133,32476.998047,55007.722656,22698.462891
-9329.829102,2367.784668,39959.292969,49033.335938,37678.085938
49353.519531,69209.851562,37326.699219,25105.396484,105242.250000
35460.242188,40907.824219,41469.863281,-5963.937012,-3096.696289
102307.898438,37398.382812,30739.314453,7672.633789,83472.226562
64219.414062,8862.091797,70519.640625,64825.460938,42145.867188
94142.484375,57679.472656,59957.281250,13162.782227,-769.503601
92655.742188,13832.953125,11598.281250,19158.335938,72866.289062
59276.367188,78511.851562,28619.439453,106603.062500,-9839.450195
20404.992188,28606.603516,41068.371094,71874.851562,32642.666016
47971.675781,60726.054688,80041.046875,88710.992188,78398.687500
50056.582031,39473.703125,97260.773438,7119.523438,-9157.535156
25949.945312,111262.007812,58521.933594,95907.226562,10968.092773
67752.437500,75106.265625,34801.042969,89350.718750,104264.601562
-5789.365234,35170.378906,69319.757812,32830.074219,28316.744141
69480.304688,63235.070312,66923.351562,-2908.020996,21653.222656
109566.015625,55063.652344,92379.273438,76150.367188,30317.943359
57321.253906,12750.245117,79791.648438,41125.335938,29869.767578
80634.109375,77075.281250,27675.078125,25699.347656,59525.808594
48643.167969,103451.781250,21175.376953,93444.210938,79345.796875
11983.284180,97654.851562,1059.478271,91303.039062,17028.224609
39376.222656,47326.648438,90263.289062,-7157.128418,54418.628906
-1540.185547,112408.890625,-3974.416748,100839.093750,75102.554688
36343.527344,44703.644531,97852.796875,2678.475342,95828.984375
14265.866211,93312.585938,59447.566406,51940.945312,5555.237305
5516.674316,110584.109375,-4449.679199,36692.050781,90571.632812
84896.117188,58675.339844,74769.781250,95955.593750,36521.679688
101798.000000,21875.121094,93848.328125,78604.593750,24717.992188
34810.257812,87064.406250,23670.179688,40835.839844,74446.796875
108772.734375,87179.375000,5693.746094,93168.828125,99857.843750
111522.726562,-6022.001953,79713.734375,57513.593750,55918.945312
95268.976562,73030.265625,53046.355469,100819.296875,-3734.379150
30161.285156,72258.710938,64940.960938,-8525.636719,54757.609375
111462.640625,103272.367188,86632.726562,91854.265625,68420.265625
-2105.983154,13207.826172,42027.972656,31564.197266,64043.667969
3018.073486,26880.228516,37766.335938,18711.820312,6592.360840
24167.484375,16777.847656,10570.357422,-9575.481445,84291.437500
76489.304688,95693.492188,43865.007812,16078.956055,83056.085938
50130.628906,56240.242188,41858.097656,1614.888306,57714.601562
106615.703125,-379.174408,47530.269531,79791.726562,101475.093750
2493.834473,87685.742188,1226.217529,54521.812500,5793.243652
75269.882812,67539.882812,42673.472656,-420.477264,96251.703125
59265.832031,33747.007812,-427.150574,79836.187500,34171.523438
93864.289062,42868.792969,16408.314453,24272.597656,68947.742188
109464.398438,84403.234375,11731.287109,37865.796875,96018.117188
79445.890625,31024.798828,105638.945312,13519.460938,-2640.171875
93657.328125,26013.294922,95045.578125,104883.546875,90535.101562
110838.812500,66696.734375,44618.285156,40055.589844,76276.265625
27413.289062,109321.421875,-3433.433350,36986.136719,75700.914062
40738.093750,17393.728516,5113.003418,67146.406250,51666.328125
84060.750000,63154.109375,22612.855469,105792.031250,111019.898438
5174.275391,71781.226562,28588.000000,-2643.480957,95300.687500
35947.828125,101013.859375,7857.284668,17536.703125,92440.703125
108392.390625,14918.822266,45680.746094,39553.976562,64974.414062
8500.304688,76967.265625,60839.132812,15066.871094,496.704193
23083.345703,65804.960938,27890.431641,38196.351562,19494.671875
89556.765625,8800.400391,92648.781250,-1287.081299,1135.736328
90211.976562,13887.195312,82916.968750,5343.280273,21243.712891
64760.953125,51291.109375,8800.868164,82618.234375,78827.812500
111241.570312,77553.929688,103746.632812,43465.621094,3651.205078
55264.343750,61965.925781,90618.468750,2646.781982,87032.796875
101115.179688,35730.128906,39381.062500,15548.907227,83926.476562
68875.734375,-8351.032227,102726.875000,48067.812500,361.886475
-9594.084961,24823.089844,24249.080078,83322.882812,40166.371094
55492.792969,34627.136719,101457.476562,74293.664062,3788.671875
66828.593750,72078.539062,91342.601562,57118.527344,2087.458984
104993.804688,-1073.823730,74053.382812,82155.570312,11572.958008
47629.480469,69814.046875,57303.085938,97010.539062,95362.960938
27772.867188,52429.574219,97011.921875,17043.042969,110497.382812
107373.812500,17448.958984,21863.773438,18166.193359,110771.835938
72030.140625,83658.984375,31942.271484,60030.917969,44495.949219
45730.941406,13402.814453,3117.788818,23616.843750,80521.335938
15205.248047,15153.949219,89447.515625,99258.632812,107309.523438
111020.476562,33431.410156,63666.871094,54866.863281,16985.253906
45573.128906,92639.726562,79414.828125,29128.357422,-3773.927734
76455.507812,23045.468750,23675.033203,108319.281250,51211.660156
20990.167969,66892.726562,21413.947266,62932.441406,13466.946289
75909.898438,-4793.314453,36869.761719,89027.687500,28823.531250
3934.402344,-9223.765625,53977.480469,103381.921875,100034.859375
47830.304688,100945.695312,20009.580078,-1959.521362,42355.859375
46994.835938,53613.613281,21538.888672,12952.964844,92741.968750
27764.960938,99408.476562,2330.735107,61439.992188,94271.062500
63542.394531,92430.164062,47707.085938,94956.343750,41905.902344
71174.031250,57409.542969,47112.589844,-5412.907227,32980.527344
85936.117188,8521.495117,33756.761719,26456.896484,-1553.283813
20334.927734,84287.203125,109392.414062,50344.507812,92327.679688
38291.574219,107339.343750,32484.587891,69830.468750,6835.606445
11769.857422,107595.429688,-7212.618164,24100.589844,55578.718750
97058.445312,97642.992188,34552.175781,31308.828125,79142.632812
86458.085938,112482.867188,23095.472656,20113.968750,-6386.745605
66076.000000,-7406.614746,12134.750000,109832.765625,29050.281250
20581.466797,16710.992188,-119.216476,16517.179688,77055.500000
102208.468750,64808.757812,70938.140625,21236.353516,21182.515625
87773.750000,43006.210938,15321.241211,90561.132812,77106.804688
80899.953125,74162.875000,61293.093750,1995.433350,-7985.000000
26979.025391,98453.515625,-8958.838867,60074.496094,5110.780273
-5345.584473,12693.798828,7704.165039,16789.164062,9069.863281
46754.449219,47370.632812,35780.855469,56635.230469,73887.812500
-620.345825,45386.996094,25239.867188,80317.789062,76623.351562
56422.382812,54634.839844,6172.860352,81743.625000,31739.269531
93279.664062,49186.878906,-7554.559082,41116.054688,61182.308594
-5539.559082,78095.078125,46179.125000,-4498.397949,24712.876953
61289.906250,156.017899,47406.679688,78994.070312,26945.183594
66476.539062,12291.817383,84315.820312,112257.398438,78927.046875
44746.929688,-1819.652100,10857.344727,79986.796875,88498.140625
97480.695312,22952.476562,29676.285156,-9803.147461,-8760.601562
71415.554688,93476.515625,50426.277344,73860.992188,21135.873047
-1848.109619,78321.437500,109230.953125,54331.019531,83823.039062
20487.130859,2164.219238,93979.054688,77893.804688,91158.289062
7467.542480,30913.646484,113450.109375,101783.359375,29714.339844
78920.453125,33073.585938,37894.687500,99777.796875,-396.321747
12936.129883,83801.789062,32556.154297,52612.417969,83998.648438
33795.550781,10571.271484,64018.464844,94221.828125,94432.265625
95154.335938,102373.718750,59297.000000,90928.585938,43248.035156
29663.345703,-2040.982910,55412.253906,10185.701172,85852.820312
33113.843750,27653.242188,3309.768066,33107.250000,15979.899414
43024.105469,-1428.992676,59053.484375,90918.796875,108348.804688
68657.164062,-9601.773438,78693.898438,111213.312500,53010.644531
49235.847656,31552.169922,73581.914062,-202.388809,12317.299805
54557.480469,104951.945312,1234.320312,397.784454,82423.835938
54482.355469,40061.128906,90382.851562,-3562.090576,60246.828125
62778.968750,39551.750000,97900.078125,76088.742188,82659.000000
423.272797,5656.147461,91230.015625,69476.757812,106574.945312
86122.117188,24677.220703,106973.171875,51359.320312,22433.839844
46527.113281,110595.164062,63986.007812,6652.324219,-3063.922119
86303.312500,71209.804688,111888.023438,97537.625000,81607.585938
80855.156250,38563.281250,8212.016602,57781.308594,45001.195312
78458.843750,7103.580566,94552.945312,62902.218750,93192.320312
63755.250000,73325.492188,108848.468750,41528.558594,29345.548828
101966.710938,14193.980469,64022.769531,95483.179688,75553.304688
96456.609375,28553.591797,72691.765625,46985.917969,45205.914062
79627.843750,19832.525391,2959.020020,78059.171875,3913.454346
94566.609375,45457.625000,52476.742188,112778.617188,113238.937500
107477.929688,77780.773438,6885.815918,88574.179688,27226.285156
110078.132812,38872.730469,110551.781250,105469.906250,90401.296875
26440.626953,93979.914062,-8861.426758,100463.398438,76006.398438
76691.875000,83463.304688,-8896.709961,35926.937500,16992.521484
46309.207031,2098.085693,46825.046875,59268.222656,90157.257812
60738.503906,40378.132812,22158.183594,-241.458328,39700.058594
21940.417969,-6220.225586,4024.124756,38826.230469,92353.953125
41250.414062,35447.667969,17769.986328,38345.488281,27460.873047
-5285.420898,74786.109375,7984.091797,-4146.848145,61792.808594
93990.492188,82545.023438,31799.416016,95093.781250,5015.265625
58791.937500,27946.287109,17113.351562,-7839.716309,97214.515625
-6186.094727,62898.789062,24135.945312,25972.087891,72657.328125
73836.000000,57912.503906,76437.101562,87860.125000,106738.742188
55334.355469,15653.836914,28729.705078,83104.343750,63999.324219
66190.585938,87818.921875,25328.740234,84174.671875,93672.070312
97121.554688,64708.464844,62760.394531,15464.260742,46345.542969
77775.664062,84256.203125,84291.828125,104889.015625,86416.484375
68049.640625,108702.921875,35858.570312,102185.585938,21218.306641
-4940.804199,62564.886719,89130.812500,81496.296875,36968.308594
82412.851562,23373.955078,62622.144531,-2314.143066,-6978.401855
13164.770508,73876.437500,90840.523438,48493.507812,44594.410156
71055.890625,32158.357422,-4153.824219,20359.593750,57622.621094
52191.718750,108135.257812,28422.119141,23026.851562,99567.578125
1381.899658,101076.492188,94813.796875,47240.468750,89805.375000
2575.404541,52299.664062,38913.558594,101706.218750,20339.261719
85881.867188,70662.367188,53713.218750,35047.316406,78348.226562
56734.812500,58212.085938,38767.960938,34118.636719,-6751.101074
93362.375000,-8282.168945,35407.257812,99208.554688,22077.425781
103029.875000,37943.570312,16755.986328,17995.294922,70970.421875
2866.860840,29377.195312,58590.214844,107680.656250,86617.664062
34938.890625,-3200.638672,25460.625000,83852.445312,108505.578125
55799.890625,56277.625000,65711.242188,-3943.594482,101324.937500
30602.771484,62791.222656,46080.328125,79370.734375,106909.859375
49329.222656,59276.410156,108627.687500,94736.484375,45028.257812
17248.416016,84309.656250,92971.828125,44004.402344,112304.953125
50485.550781,56871.261719,28225.445312,-4380.936035,51095.218750
1386.409546,40557.949219,57894.578125,36847.035156,10953.701172
52943.460938,102646.929688,77231.320312,5198.006836,108703.328125
65099.562500,45800.777344,58037.851562,-2276.813721,11714.815430
51491.007812,57052.410156,80991.218750,46662.000000,38332.195312
12562.784180,73910.414062,9185.153320,-7922.084473,4458.116211
8033.407227,52563.468750,71329.382812,46258.855469,58182.527344
8967.898438,57645.261719,108740.484375,76862.476562,104492.296875
6237.483398,16349.238281,93682.531250,93468.804688,31547.244141
88929.156250,45111.664062,87348.023438,33510.308594,52834.855469
109062.843750,95001.312500,-3569.436523,76597.359375,28206.615234
44762.757812,99160.148438,112117.031250,63947.910156,101238.062500
3118.444824,81981.320312,40344.832031,84447.828125,14783.471680
108527.359375,103415.726562,82428.734375,103811.148438,66821.500000
73464.335938,-3408.072754,93170.734375,53690.164062,100060.734375
11261.283203,29162.619141,31715.697266,108609.304688,72672.921875
94550.546875,104215.445312,54217.542969,100981.109375,67356.109375
92424.156250,32287.167969,53059.554688,91084.484375,106235.078125
40840.921875,104202.921875,74759.703125,91185.750000,75194.046875
99543.171875,86256.414062,65153.074219,68515.203125,76610.859375
18517.871094,28522.847656,83202.781250,-1768.090332,92213.007812
69806.812500,19493.191406,7918.927734,111522.515625,14645.799805
90591.851562,92616.359375,5404.545898,31352.693359,80140.773438
82760.656250,10320.146484,-1028.755127,22363.509766,111404.632812
-8250.374023,73204.429688,102150.851562,76509.320312,50933.480469
63888.203125,62595.800781,23733.195312,15584.580078,17654.304688
110344.054688,44102.449219,56177.148438,80090.132812,52334.359375
34933.460938,36440.250000,81827.554688,52852.390625,34506.062500
106473.351562,29987.539062,13665.725586,-1578.801636,71340.226562
103806.500000,91181.851562,91660.382812,112777.742188,88.664688
89608.312500,-8929.329102,83293.093750,78302.468750,77580.000000
20769.878906,28733.968750,26719.093750,54503.078125,54318.550781
54373.394531,51390.425781,108421.000000,-2906.148682,18023.859375
47298.660156,42027.312500,64464.109375,15669.512695,104879.703125
108970.171875,8686.166016,21410.539062,9179.197266,17107.365234
102750.773438,-471.004120,-5167.481934,80954.453125,-1149.958496
4921.182129,57106.054688,-79.287827,98214.281250,21951.818359
87500.703125,5527.456543,60685.789062,763.102722,70030.531250
1547.640015,65136.500000,7964.256348,-3488.060303,72230.351562
35988.113281,53810.605469,800.965454,110452.226562,79480.109375
-7776.034180,105965.695312,98166.281250,23634.505859,1688.190063
1816.944214,12928.576172,11217.186523,6649.463867,103883.023438
20067.228516,21570.644531,47532.382812,29987.939453,6328.224121
79484.203125,4031.948730,21855.683594,26713.292969,14795.052734
101886.210938,38260.933594,89931.554688,-3606.230957,44772.871094
48705.207031,42381.886719,108583.468750,59506.175781,39377.410156
74606.882812,61730.140625,31886.400391,59316.464844,95364.640625
43574.589844,71133.406250,-5163.479004,64791.781250,87782.875000
108719.546875,94859.007812,-4103.182617,42795.226562,11390.244141
12225.041992,8822.730469,25422.193359,44080.722656,45536.023438
50217.246094,32510.236328,93796.953125,26692.099609,38904.003906
25113.125000,85397.304688,91285.882812,20239.898438,31446.781250
17206.595703,104846.789062,103176.914062,59093.000000,50706.546875
85084.867188,112667.585938,8383.256836,89921.382812,64002.667969
106166.132812,85184.226562,45404.968750,112062.945312,14522.760742
66795.218750,10831.287109,33345.492188,102217.406250,64912.011719
88881.515625,38977.949219,107422.250000,69221.773438,75670.054688
32869.550781,104334.890625,47610.656250,10698.741211,11118.092773
89057.437500,37905.335938,2508.174561,78777.656250,106998.335938
63214.722656,50405.820312,106209.218750,81597.984375,26870.501953
56755.179688,74307.406250,-1401.966309,112160.156250,72913.648438
23120.794922,65498.660156,93744.945312,66466.289062,54259.367188
45200.250000,41891.101562,103237.320312,39165.796875,-2343.833984
65450.667969,82035.343750,111991.062500,-395.370667,102734.085938
9652.452148,98662.062500,27182.726562,22160.626953,63983.027344
20724.357422,95375.351562,932.141541,13476.875977,63516.625000
37802.644531,80232.054688,24367.335938,46400.675781,78935.507812
107280.984375,79521.476562,30977.470703,87569.226562,32531.058594
95236.835938,19312.779297,84422.156250,85017.460938,68478.578125
92078.320312,37011.433594,37057.226562,90612.679688,46616.062500
26334.615234,110265.132812,31821.431641,63517.339844,18969.060547
105804.453125,94241.703125,887.707581,-6720.104004,-5738.125977
74404.328125,41082.542969,84493.937500,108771.664062,97483.218750
49972.746094,102595.953125,63547.992188,90950.218750,76708.484375
106079.046875,72730.351562,106021.257812,77044.500000,44291.121094
61043.144531,55666.125000,91302.554688,108100.367188,32822.105469
24461.919922,20978.281250,29630.537109,66283.351562,94495.625000
58599.597656,58631.105469,75280.617188,69487.304688,61911.000000
79542.492188,30434.937500,112993.539062,50579.726562,25749.908203
97020.062500,110552.468750,14889.165039,47111.351562,88045.984375
101597.648438,39733.695312,47319.640625,94162.210938,3321.499512
101610.757812,41748.656250,68987.617188,79456.617188,36392.320312
111809.726562,-9538.166992,67370.609375,27983.562500,66745.187500
48409.523438,96583.156250,11919.588867,10233.440430,52613.765625
83830.593750,99775.937500,93048.703125,83367.429688,36898.957031
5341.909668,66930.789062,33994.722656,30231.074219,585.442383
8584.004883,18372.025391,50319.140625,65903.640625,-922.459290
63640.636719,54057.707031,50826.199219,19171.562500,20057.617188
97218.523438,17524.589844,20519.451172,51132.421875,55508.148438
97264.632812,109541.945312,38634.613281,-4272.477539,6318.687500
101248.375000,89558.109375,-7362.081543,80840.375000,59468.847656
39536.875000,96182.289062,12942.934570,83531.601562,12956.661133
23528.378906,102115.601562,41328.687500,83847.515625,54562.546875
50406.226562,34031.457031,-4836.451172,111232.421875,63203.023438
25221.164062,94994.242188,90727.609375,55740.617188,32669.966797
32779.066406,39548.550781,28755.212891,81413.679688,45276.074219
45073.898438,69205.343750,21377.484375,47711.816406,36589.023438
90846.328125,97248.695312,19314.611328,-9667.435547,67323.593750
42271.269531,23860.943359,55982.492188,93599.953125,-5748.238770
-2911.662598,30549.484375,38283.218750,2251.886719,28325.207031
111486.234375,37473.050781,9862.750000,88757.148438,103213.671875
52532.718750,8079.516113,29305.517578,91287.929688,99493.187500
84581.585938,22905.128906,55241.843750,-7497.622559,80616.945312
101830.867188,93348.703125,64408.933594,7688.776367,93681.265625
18275.826172,59960.046875,4085.514648,84258.320312,40103.304688
8337.276367,91346.656250,80652.789062,56620.496094,103598.539062
-4478.704590,54650.035156,27614.896484,15384.044922,29950.488281
17371.863281,77916.765625,48030.007812,56677.386719,55747.988281
34066.496094,27802.275391,88653.117188,99308.335938,30304.654297
55813.363281,87682.500000,10196.658203,6765.600586,105371.273438
-9578.768555,35041.425781,51874.625000,4506.745605,5843.046387
101977.937500,22844.023438,107189.703125,69174.023438,89464.515625
97331.546875,74695.312500,30657.855469,11489.742188,100079.359375
70608.343750,38861.605469,64539.425781,5181.647949,105538.984375
6830.714844,49248.144531,19884.564453,105483.835938,35099.777344
60189.214844,47840.496094,9325.580078,80385.875000,64606.093750
1240.158447,80807.109375,109647.523438,63114.785156,95313.851562
2033.870972,51636.019531,4701.174805,-4233.125488,7353.338867
104165.687500,103098.421875,92048.656250,21366.847656,1131.461914
78671.312500,101975.187500,49993.070312,29754.042969,-6299.862305
42075.355469,46584.757812,52948.281250,71959.921875,38611.890625
98048.054688,18692.439453,96452.382812,-6083.061523,109078.312500
47601.785156,5157.096680,76428.726562,43792.609375,78271.882812
58285.878906,55826.476562,16451.201172,72987.054688,61593.351562
33804.539062,63696.042969,51235.074219,12396.497070,95062.890625
62366.535156,101067.820312,83581.382812,-1097.096191,17365.156250
87281.515625,50978.257812,73949.914062,26773.099609,9481.482422
-894.896790,11364.458008,38173.921875,105557.484375,15281.396484
33795.535156,39702.574219,30438.492188,-3232.437500,93495.179688
-4746.323730,65053.437500,35864.957031,21704.878906,24583.792969
107458.304688,65509.417969,98279.835938,45236.683594,87905.914062
79886.023438,-5853.481445,75517.031250,50010.710938,3049.422119
102882.187500,23835.531250,64027.687500,63375.406250,60608.625000
83509.164062,72480.507812,81973.085938,8226.387695,64581.292969
107254.484375,52021.929688,-9172.833008,24236.275391,58789.488281
94322.343750,29489.951172,10386.228516,16730.603516,61194.828125
44970.019531,10732.212891,13247.549805,29793.158203,65968.898438
111153.468750,-3777.512695,70115.414062,73213.796875,56233.199219
83164.835938,62639.281250,90068.726562,33735.820312,12557.987305
37220.656250,3788.286377,95038.492188,5737.042480,22014.675781
46163.089844,-465.176117,84036.601562,46990.253906,33771.097656
29369.390625,27855.902344,73261.046875,49755.617188,54586.507812
20999.179688,104725.640625,75318.718750,44246.730469,21062.099609
27830.916016,41943.492188,27284.583984,107946.328125,1700.590210
93517.781250,77654.468750,74339.875000,70129.804688,-2066.414062
96897.867188,-6106.235840,11721.872070,78479.656250,9630.804688
43736.546875,11186.044922,19165.628906,14316.447266,68176.304688
62936.730469,53685.839844,106032.203125,22741.080078,113441.453125
47162.011719,53740.261719,104710.390625,9024.030273,107986.992188
12315.794922,46854.941406,36473.785156,49600.382812,41344.574219
48174.375000,29661.464844,5542.337402,9057.549805,109791.273438
13475.921875,-7501.287109,-9771.662109,35197.792969,80978.367188
9859.143555,88934.335938,102164.414062,39024.773438,113250.781250
56884.015625,111961.500000,53479.921875,49459.523438,21245.880859
53464.683594,106621.531250,84986.140625,44718.378906,2188.863281
79516.437500,67034.171875,59043.808594,2533.515625,3177.855225
110388.382812,60707.894531,42839.320312,2474.015137,79765.445312
39173.890625,25949.937500,82264.156250,39402.234375,71147.734375
49785.820312,59261.378906,46625.371094,38493.539062,108286.148438
46419.460938,105377.554688,106790.945312,109899.390625,41380.375000
14580.131836,49907.367188,34545.210938,109566.273438,104625.742188
46734.074219,75626.007812,58203.218750,-7678.819336,88159.523438
71381.078125,112709.562500,35410.710938,763.692322,1726.873291
1719.452148,49937.585938,37676.812500,93983.601562,99339.812500
-4632.157715,30312.726562,45144.492188,51993.214844,78806.265625
39973.941406,108412.671875,70727.117188,33308.187500,104855.359375
-1349.201538,57888.316406,41306.023438,43196.011719,53997.894531
32475.066406,99930.085938,16167.198242,100678.281250,102251.265625
-9129.980469,58602.660156,101504.125000,36280.730469,69366.351562
113231.000000,48000.179688,5847.237305,37451.109375,28527.089844
-8269.646484,42818.953125,68839.812500,46874.847656,104812.164062
34189.378906,96848.781250,99768.140625,-8540.198242,16700.273438
91166.796875,110.600655,84588.593750,19016.119141,53306.613281
25129.785156,61491.187500,39779.996094,51296.980469,48712.773438
28574.564453,52167.003906,-6141.269531,16621.986328,98447.734375
73225.078125,16396.283203,32991.214844,89072.320312,63847.394531
71518.304688,90802.671875,-6790.355469,26901.417969,24220.816406
108021.812500,71090.804688,7612.900391,94333.250000,72550.601562
34313.171875,72043.351562,82661.203125,5445.064453,101059.468750
22511.113281,40574.847656,49093.957031,72291.109375,101871.828125
107806.726562,110865.671875,40582.132812,111665.453125,14030.958008
25573.162109,71433.835938,40427.242188,68564.382812,47049.453125
-9182.063477,26625.982422,24395.427734,-5972.418945,63527.406250
58616.242188,112049.390625,21161.501953,76229.148438,92925.937500
103712.109375,-2914.385742,51512.585938,72916.609375,12530.677734
39115.351562,105427.726562,63105.527344,98209.304688,64262.128906
51520.656250,92559.335938,61671.105469,102102.789062,90768.093750
85702.062500,14219.251953,48745.226562,12672.606445,92783.632812
105794.679688,13490.542969,5952.916016,16733.410156,17518.123047
79480.320312,85349.648438,16110.814453,110641.828125,48122.093750
-4419.945312,100897.234375,55207.707031,57092.640625,60357.132812
77738.382812,106207.992188,52328.156250,27387.214844,90960.601562
3133.587891,88907.867188,70063.234375,74804.687500,77553.953125
47374.621094,47050.054688,101773.210938,106119.851562,69722.664062
81100.140625,98457.835938,93213.203125,97053.054688,1734.541870
-2725.372070,63076.675781,97084.195312,23385.441406,60261.800781
31749.589844,28965.496094,47702.328125,96957.296875,96058.140625
-5397.237793,61238.984375,88809.429688,56930.917969,98626.203125
66313.328125,70064.507812,74077.367188,22919.861328,31412.496094
38174.628906,80294.484375,88462.554688,26491.136719,72957.632812
44728.515625,-5865.419922,57958.761719,24485.017578,101187.640625
69693.304688,31759.646484,50807.617188,53320.800781,65145.089844
-2387.283203,95070.390625,104110.585938,55315.046875,78570.984375
86712.023438,59917.808594,26353.273438,62064.757812,3392.023438
11522.770508,14921.384766,83456.523438,95600.140625,47841.246094
1412.327393,20318.066406,14679.027344,99874.882812,56809.199219
97636.656250,31146.693359,60943.781250,42138.722656,65631.710938
48674.722656,-1624.672363,107391.359375,109482.335938,61696.128906
59079.746094,-6361.645020,43309.816406,49733.632812,58953.398438
8424.102539,22988.960938,5414.503906,44777.375000,95053.710938
18806.529297,66300.140625,-3481.598145,112263.054688,48443.589844
54359.648438,218.685501,78761.656250,79038.679688,110093.562500
22114.156250,63218.636719,27783.562500,93057.937500,-8099.341797
103415.273438,28275.958984,275.985962,97349.929688,24301.597656
71972.109375,42972.980469,27939.955078,1825.228149,102706.617188
96893.351562,20249.332031,12238.879883,112307.851562,75026.703125
-6164.103516,17657.685547,27870.154297,354.297943,16464.041016
86313.742188,64713.949219,26682.728516,51618.695312,30295.921875
23319.593750,83732.851562,103514.554688,61103.152344,63334.093750
105415.218750,51061.730469,101610.046875,-7765.497070,34954.964844
12454.950195,74206.617188,87927.945312,50394.902344,86031.843750
77177.867188,33831.554688,-7175.524414,99416.750000,32682.710938
77851.187500,103252.640625,60340.398438,-7735.360840,-9849.756836
86804.437500,88578.382812,64864.187500,30.467421,26740.378906
105160.117188,33350.062500,-2983.469971,95217.968750,104453.218750
70350.625000,87176.484375,42058.250000,58503.972656,89410.992188
87013.210938,80958.921875,50160.906250,61484.468750,17897.126953
22736.054688,25205.634766,61728.675781,25560.527344,11165.680664
104411.390625,113411.710938,961.625610,51295.085938,-7780.348633
1111.869629,24642.826172,90798.031250,75976.062500,34673.292969
4081.711182,67679.476562,78023.351562,11098.240234,49440.742188
69019.875000,91448.867188,23160.535156,-2378.574951,36496.136719
-885.172363,94634.640625,3998.356689,59275.734375,42662.406250
31895.482422,92011.789062,77868.039062,103624.164062,4115.616699
99033.718750,94578.859375,4070.628174,109995.343750,32417.238281
6290.279785,-2349.484863,67060.062500,107088.312500,83626.578125
111733.359375,-2286.676270,37849.343750,76300.015625,18811.566406
97290.093750,31863.191406,-3196.273193,6993.926758,39484.617188
43299.863281,16108.753906,20662.556641,57298.214844,85384.492188
73324.968750,99193.703125,63939.582031,37736.300781,89361.164062
78055.195312,23313.320312,70483.320312,92125.828125,19851.966797
112900.562500,108416.101562,27502.482422,66503.929688,102047.718750
-2327.643799,64780.585938,109761.039062,45521.703125,27623.900391
15115.903320,29355.093750,69487.093750,21919.632812,46349.019531
-4484.992188,75219.492188,72457.781250,26177.564453,19061.009766
44385.566406,109502.531250,4798.012207,-5131.556152,33782.128906
104159.179688,82923.640625,67095.453125,61185.789062,61592.765625
96947.414062,60629.648438,56552.164062,10993.200195,13676.875977
45143.183594,18665.556641,88457.453125,41447.523438,74187.257812
2624.660156,66563.429688,-9914.344727,82111.750000,98483.062500
46434.675781,87626.757812,60245.847656,5435.751953,347.623688
89306.867188,59821.316406,-3606.548340,104104.875000,64689.761719
40175.582031,94807.343750,34156.699219,-6185.667480,42536.441406
105749.460938,100761.750000,113166.093750,48844.929688,-1701.748047
13386.266602,103988.109375,26963.808594,111843.726562,31978.935547
111151.070312,1011.686096,108542.359375,111236.726562,93123.437500
93568.718750,44214.699219,67293.492188,40357.871094,59650.449219
77641.117188,16208.034180,6015.068359,84034.570312,6856.208984
80704.835938,10753.454102,111663.554688,1404.830811,14567.786133
40743.300781,-6302.404785,1872.837402,40452.695312,52542.527344
10171.088867,63838.960938,43073.937500,47134.898438,62225.984375
85052.867188,44829.269531,73237.671875,80138.539062,42609.292969
52904.406250,60250.558594,96823.992188,6741.205078,110608.429688
43017.742188,94382.320312,13359.762695,59032.812500,64960.195312
30215.970703,26280.941406,85713.648438,28422.830078,37685.769531
110281.437500,79166.125000,41383.367188,-1302.424805,6162.120605
103925.898438,18868.664062,80001.078125,33543.128906,76003.562500
28770.365234,5139.304688,7376.130371,112008.039062,95277.843750
59985.417969,51455.742188,42071.699219,43352.710938,68196.945312
39223.425781,96370.453125,49122.574219,62583.187500,41946.562500
626.071899,102799.164062,78227.500000,96339.726562,17765.289062
2456.574219,93164.460938,106931.414062,53839.941406,101862.039062
-363.163025,44309.132812,7274.001953,89637.914062,87852.265625
93277.562500,4951.580566,102991.570312,110653.695312,3502.916504
84812.718750,57182.414062,64958.660156,13427.709961,110535.125000
19698.908203,62651.136719,93448.875000,78821.484375,11777.625977
21938.736328,89447.554688,1120.086426,110166.242188,72330.578125
28885.375000,-833.886658,52038.339844,22360.091797,63006.054688
40443.679688,31996.931641,-6141.510254,57717.679688,8178.146973
91710.757812,37538.542969,23129.726562,81245.625000,34735.539062
36632.640625,52601.636719,101917.953125,111591.304688,76029.343750
98996.375000,17833.513672,25223.785156,78988.554688,106655.000000
47001.410156,110927.289062,82645.851562,58121.496094,107636.828125
41519.730469,97006.875000,-6653.760742,103558.078125,5910.265625
66352.296875,30545.050781,47907.195312,70210.781250,98262.726562
66085.335938,48464.839844,22344.576172,99215.070312,16253.764648
67080.117188,22391.009766,78855.406250,55541.367188,20525.613281
41428.050781,41081.042969,48359.125000,76651.835938,6612.893066
41557.421875,10196.545898,4083.479980,10746.573242,78318.046875
-1736.394165,62266.304688,61868.218750,1609.844971,52367.679688
77778.484375,77962.140625,92912.734375,12228.976562,34716.222656
77718.757812,88314.320312,93181.062500,110063.335938,74072.687500
-4021.874756,63686.753906,106463.695312,84833.523438,5771.419922
13532.612305,12804.876953,56852.460938,71891.742188,99456.710938
73465.351562,-7.539710,-3803.442627,87548.835938,20739.035156
84514.601562,95812.445312,93005.335938,32926.117188,107422.289062
31916.322266,-2752.101074,71927.726562,11372.350586,19476.876953
-6812.752441,99091.117188,-5665.504883,96368.312500,95697.750000
78407.179688,102346.429688,45927.804688,71414.179688,73723.265625
61699.226562,94946.789062,96528.140625,5094.988770,53381.824219
82528.148438,88560.343750,63374.285156,88724.710938,62652.484375
94113.320312,59782.609375,45008.222656,73661.960938,102708.726562
38973.812500,-7878.416992,109956.632812,-2555.164551,13493.933594
15976.801758,632.082947,-871.654663,20311.296875,107000.390625
104826.093750,108718.476562,95890.125000,37297.199219,66675.953125
56156.683594,108996.429688,48166.046875,39228.128906,634.714600
111547.882812,8299.580078,99195.054688,61465.468750,107024.289062
48390.843750,42122.089844,53350.199219,103399.062500,2327.352783
42602.226562,28916.175781,4448.936035,39102.152344,36361.011719
27942.869141,65078.957031,46993.093750,37071.214844,95390.250000
40536.785156,28440.611328,90652.031250,22970.210938,75737.812500
43871.289062,89126.898438,71277.539062,102037.343750,14898.326172
81912.250000,100128.515625,33197.910156,67650.617188,48137.281250
26765.498047,2584.752686,100259.375000,90115.695312,-7472.883301
112586.726562,19261.220703,31443.289062,3578.961182,68363.375000
77804.304688,41521.832031,19985.628906,11340.691406,88593.046875
1919.181763,61877.476562,3576.959473,102571.210938,94847.687500
89314.773438,32985.800781,70517.882812,47135.613281,21566.439453
95416.210938,15591.166016,8238.255859,15157.422852,93241.781250
66375.539062,51922.917969,105826.531250,53178.207031,28581.914062
108353.648438,52308.238281,57843.132812,26340.238281,65887.195312
12749.810547,-9312.162109,-6047.674316,42735.441406,12028.530273
92545.375000,54654.621094,83906.007812,106122.328125,43769.132812
65297.000000,81980.406250,86754.937500,22358.183594,15659.317383
-5135.323242,4317.697754,41250.484375,13102.932617,29475.119141
21035.560547,89478.468750,91398.039062,13405.391602,29199.978516
6523.252930,8302.339844,91508.210938,74366.390625,44642.578125
43938.707031,97116.203125,45330.417969,47891.031250,26394.941406
67358.953125,26979.703125,91049.562500,37808.253906,19645.333984
21361.998047,113105.250000,111625.742188,-5339.764160,22006.732422
13828.355469,-475.087219,36324.429688,65078.839844,22627.845703
75799.546875,96114.398438,-1350.386353,53740.886719,-3936.909180
37849.589844,70264.148438,14365.431641,15901.104492,31173.828125
69008.007812,69839.812500,14833.330078,881.726929,4274.139160
51228.269531,78240.671875,41253.843750,28821.130859,2592.229980
70899.179688,60183.128906,2240.780762,69068.218750,64843.363281
34247.515625,92896.570312,74368.281250,80571.945312,44518.710938
106996.125000,42914.796875,27176.408203,-7810.961914,106655.687500
33239.500000,40038.628906,63463.128906,57604.929688,65939.734375
104636.953125,13156.242188,22322.843750,6013.587402,24037.968750
36596.984375,67241.859375,112278.640625,87850.828125,106062.992188
1414.172607,45293.304688,52789.421875,13654.954102,904.820923
4176.087891,57902.468750,103801.398438,88544.367188,25017.714844
34863.406250,82083.789062,77932.515625,72039.820312,84272.828125
71131.500000,-8177.384277,10854.761719,21137.929688,59427.550781
86794.492188,12318.186523,82583.789062,-4339.361816,28331.773438
-6834.940918,42257.621094,105573.632812,-8012.998047,16651.746094
98179.921875,3401.174805,71945.054688,37512.640625,27056.128906
82849.867188,51688.730469,94958.593750,73194.562500,26776.400391
6519.612305,-5398.731934,-4596.509766,94452.125000,76641.085938
89676.320312,52126.929688,78463.703125,110531.078125,83264.859375
24434.544922,83868.875000,105583.039062,-6438.363281,89529.515625
20458.115234,-3273.304443,18330.435547,12575.045898,-1286.302124
44982.179688,-2701.732422,12114.873047,3470.530518,44810.910156
49171.000000,96320.398438,106499.640625,30672.900391,56058.265625
19819.337891,47192.511719,60659.531250,25222.828125,28187.935547
23843.916016,1442.448975,90314.859375,112307.609375,-1483.170288
60123.019531,23285.460938,92385.710938,52249.359375,26847.097656
68458.523438,82707.476562,33573.792969,96788.960938,105282.515625
42287.492188,28314.437500,112580.789062,64402.363281,41784.968750
43934.996094,116.665054,24648.669922,36977.937500,40789.562500
90706.929688,66797.273438,97982.070312,37909.765625,102020.109375
12713.311523,71753.687500,-9994.146484,113028.179688,70604.593750
-1477.316528,59694.496094,103890.054688,100908.390625,-1512.845581
17280.457031,55910.207031,91194.632812,60854.250000,39242.464844
83020.453125,113141.734375,77556.898438,82144.539062,64087.402344
5885.170898,12622.837891,74204.070312,40533.839844,59600.777344
1536.932373,17784.074219,12941.352539,109519.007812,65693.843750
1504.756836,8775.620117,23990.822266,1510.610596,8347.096680
104595.421875,10033.293945,78041.585938,95028.781250,-2515.016113
86528.750000,-1147.463013,63395.191406,64266.679688,69706.789062
112637.656250,33830.425781,69391.828125,76737.867188,2518.265869
20022.533203,92623.039062,25141.103516,104226.601562,19700.173828
94741.875000,-7693.166992,47484.250000,-5773.467285,111825.843750
-278.611877,5731.289551,7144.761230,33712.210938,17241.900391
25491.857422,24850.931641,37275.195312,-9923.249023,6423.012207
44760.179688,86605.500000,15275.549805,-5301.327148,37415.476562
94982.335938,-6120.365234,81245.906250,50917.460938,80617.500000
93764.164062,80939.992188,59783.832031,5448.570801,71709.898438
89484.007812,110190.445312,74016.726562,23511.556641,-9039.715820
72385.867188,33232.945312,6691.573242,89530.632812,76945.156250
33933.472656,1565.789062,111796.093750,81208.671875,1642.540039
4762.403320,12512.146484,98248.039062,30037.953125,17210.820312
22206.812500,11563.586914,21090.455078,113452.710938,72481.054688
111707.953125,93760.179688,39964.343750,58035.089844,109208.750000
-1782.458984,34062.394531,105942.500000,82234.273438,67573.953125
106902.789062,41163.437500,110806.898438,137.661880,17237.369141
74295.359375,44071.136719,28803.158203,72634.750000,11823.106445
40445.699219,87397.148438,34335.253906,25237.037109,3978.404053
61546.074219,57443.851562,25541.992188,92636.523438,57439.863281
108023.039062,90887.781250,37743.343750,34530.691406,35466.167969
33495.398438,42748.230469,79528.570312,25981.205078,11525.798828
33645.824219,19427.292969,62689.238281,30996.023438,29564.953125
89926.609375,-8165.317383,83636.093750,5273.066406,74469.429688
105459.195312,55718.769531,48409.882812,26337.746094,90955.804688
62388.285156,97883.820312,34942.953125,97930.281250,77063.648438
102382.820312,92496.625000,54494.730469,26669.464844,13570.612305
99960.898438,70164.859375,66318.843750,66032.773438,106146.062500
87844.640625,109678.593750,12116.657227,37077.179688,27217.916016
51681.613281,13547.086914,29052.595703,21861.003906,28820.152344
-9934.671875,13863.497070,94538.921875,48475.210938,50201.246094
72038.023438,-2593.200684,34628.367188,-6475.725098,105337.078125
-1764.684326,105907.093750,84377.000000,62730.042969,19119.855469
107947.617188,49234.246094,99284.718750,60809.757812,1810.312378
91974.085938,35197.699219,-1967.797119,-9365.957031,82274.875000
35250.117188,52315.652344,105821.960938,74302.710938,84176.656250
21185.417969,74368.039062,108040.148438,2267.635010,9386.552734
44784.695312,84305.656250,16793.351562,89413.062500,87829.929688
8673.731445,97648.382812,80280.320312,103050.726562,46921.722656
109400.179688,97541.648438,106155.976562,95228.203125,44894.699219
-5490.415527,73745.585938,90092.398438,2541.786865,74379.632812
58910.570312,47791.902344,13238.583008,51275.835938,8637.915039
107415.234375,82461.257812,93005.953125,101998.695312,94728.890625
112392.507812,33326.691406,65577.843750,15729.163086,9283.056641
39951.082031,34402.894531,-6525.264160,6774.703125,23996.925781
50396.464844,2718.183350,8081.872559,43095.734375,107946.382812
62976.578125,47605.320312,68235.273438,39612.273438,60147.101562
29158.195312,108522.843750,-5517.691895,52396.773438,46341.984375
13120.223633,46355.316406,15346.540039,-7330.518066,34897.304688
-3381.269043,-8394.708008,78224.000000,72196.578125,17334.455078
97507.054688,-1309.042969,61737.347656,100981.789062,15465.661133
95734.273438,37921.550781,28183.843750,-9640.552734,91017.281250
22673.527344,63336.023438,25165.902344,100908.789062,112948.296875
95313.007812,16610.289062,108014.437500,99795.320312,79007.062500
40899.722656,-541.159119,11905.680664,66246.265625,2128.322266
56802.988281,72864.992188,3733.614014,21570.287109,31604.873047
31068.066406,5620.638672,40295.832031,102805.414062,-6854.273438
65761.484375,85082.992188,41067.277344,103945.335938,85442.445312
18627.859375,13162.160156,35321.761719,53793.761719,614.254028
34813.355469,35650.070312,27224.541016,29371.093750,21988.685547
-7225.091309,80270.812500,31447.527344,14680.589844,33060.378906
43575.851562,81483.578125,-7531.324219,57309.460938,113053.859375
34073.546875,98377.531250,5217.802734,84369.382812,87726.250000
8363.530273,36674.171875,59352.535156,59430.800781,27162.806641
31338.277344,88058.664062,50324.968750,76660.031250,28395.728516
